1.1,5.0,507.20062,0.3076246,1648.7646,0.0
1.1,7.7777777,11.4788065,1.0555414,10.874803,1.0
1.1,10.555555,10.147568,23.397429,0.43370444,1.0
1.1,13.333333,31.727123,4.884093,6.4960113,1.0
1.1,16.11111,33.284473,3.9534028,8.419197,1.0
1.1,18.88889,33.59616,3.9459538,8.514078,1.0
1.1,21.666666,32.08125,4.137079,7.7545652,1.0
1.1,24.444445,31.907194,4.5893526,6.952439,1.0
1.1,27.222221,33.52401,5.3285637,6.291378,1.0
1.1,30.0,35.123928,6.2198796,5.647043,1.0
1.9,5.0,16.322117,0.13615903,119.87538,0.0
1.9,7.7777777,11.318741,12.735134,0.8887809,1.0
1.9,10.555555,24.802078,14.549253,1.7046977,1.0
1.9,13.333333,25.316286,14.826518,1.7075005,1.0
1.9,16.11111,25.954592,20.065235,1.2935106,1.0
1.9,18.88889,16.770739,20.000088,0.8385332,1.0
1.9,21.666666,4.6428294,9.678985,0.47968146,1.0
1.9,24.444445,3.2316933,6.5109205,0.4963497,1.0
1.9,27.222221,5.7665653,7.1315455,0.80859965,1.0
1.9,30.0,8.23408,7.273962,1.1319939,1.0
2.7,5.0,12.34243,0.831287,14.847376,1.0
2.7,7.7777777,5.6580253,14.448887,0.391589,1.0
2.7,10.555555,2.8539577,7.9945335,0.35698864,1.0
2.7,13.333333,5.351086,7.527029,0.71091604,1.0
2.7,16.11111,9.678617,7.573511,1.2779565,1.0
2.7,18.88889,11.654741,6.8263526,1.7073159,1.0
2.7,21.666666,12.393354,6.1365976,2.0195808,1.0
2.7,24.444445,12.7102585,5.6234517,2.2602236,1.0
2.7,27.222221,12.882986,5.249714,2.4540355,1.0
2.7,30.0,12.98748,4.97013,2.6131067,1.0
3.5,5.0,13.569973,15.298902,0.88699,1.0
3.5,7.7777777,3.4658875,7.6076736,0.45557788,1.0
3.5,10.555555,10.501866,8.179761,1.2838844,1.0
3.5,13.333333,12.773256,6.7354183,1.8964312,1.0
3.5,16.11111,13.127929,5.732836,2.2899537,1.0
3.5,18.88889,13.2132435,5.135993,2.5726755,1.0
3.5,21.666666,13.232922,4.7538652,2.783613,1.0
3.5,24.444445,13.206873,4.4879255,2.942757,1.0
3.5,27.222221,13.150087,4.2912292,3.06441,1.0
3.5,30.0,13.075516,4.1393557,3.1588287,1.0
4.3,5.0,6.71633,10.33988,0.6495559,1.0
4.3,7.7777777,10.515428,9.006546,1.1675316,1.0
4.3,10.555555,13.5989685,6.7584167,2.012153,1.0
4.3,13.333333,13.555202,5.4527764,2.4859264,1.0
4.3,16.11111,13.446937,4.805338,2.7983332,1.0
4.3,18.88889,13.325919,4.4264913,3.0104928,1.0
4.3,21.666666,13.185886,4.1761956,3.1573918,1.0
4.3,24.444445,13.038976,3.997426,3.2618432,1.0
4.3,27.222221,12.894553,3.8628495,3.3380938,1.0
4.3,30.0,12.757315,3.7575963,3.3950734,1.0
5.1,5.0,8.173189,10.043858,0.81375015,1.0
5.1,7.7777777,13.99554,8.02146,1.7447623,1.0
5.1,10.555555,13.97778,5.712765,2.4467626,1.0
5.1,13.333333,13.638661,4.7885437,2.8481855,1.0
5.1,16.11111,13.390706,4.326436,3.0950897,1.0
5.1,18.88889,13.157329,4.0471444,3.251015,1.0
5.1,21.666666,12.940776,3.8589814,3.3534179,1.0
5.1,24.444445,12.744131,3.7228804,3.4231906,1.0
5.1,27.222221,12.568349,3.619622,3.472282,1.0
5.1,30.0,12.412465,3.5385253,3.507807,1.0
5.9,5.0,10.879164,10.226736,1.0637964,1.0
5.9,7.7777777,14.817686,6.9044557,2.146105,1.0
5.9,10.555555,13.974036,5.083628,2.748831,1.0
5.9,13.333333,13.547482,4.392169,3.0844626,1.0
5.9,16.11111,13.210401,4.0323305,3.2761204,1.0
5.9,18.88889,12.919149,3.8098457,3.3909903,1.0
5.9,21.666666,12.668824,3.6580033,3.4633164,1.0
5.9,24.444445,12.454644,3.5474942,3.5108283,1.0
5.9,27.222221,12.27177,3.463453,3.5432184,1.0
5.9,30.0,12.115531,3.3974762,3.5660384,1.0
6.7,5.0,13.676882,10.026366,1.3640918,1.0
6.7,7.7777777,14.788652,6.057817,2.4412513,1.0
6.7,10.555555,13.876803,4.6740227,2.968921,1.0
6.7,13.333333,13.38502,4.1270275,3.243259,1.0
6.7,16.11111,12.997364,3.832335,3.3915002,1.0
6.7,18.88889,12.678953,3.6468952,3.4766433,1.0
6.7,21.666666,12.417364,3.5193179,3.5283437,1.0
6.7,24.444445,12.201792,3.4262416,3.5612755,1.0
6.7,27.222221,12.023286,3.355539,3.5831158,1.0
6.7,30.0,11.874245,3.3000896,3.598158,1.0
7.5,5.0,15.698372,9.289387,1.6899257,1.0
7.5,7.7777777,14.601897,5.455746,2.6764252,1.0
7.5,10.555555,13.73259,4.385025,3.1317015,1.0
7.5,13.333333,13.198267,3.9360762,3.3531532,1.0
7.5,16.11111,12.785338,3.6869235,3.4677525,1.0
7.5,18.88889,12.458073,3.5279784,3.531221,1.0
7.5,21.666666,12.197877,3.418117,3.5685954,1.0
7.5,24.444445,11.98907,3.3379338,3.5917637,1.0
7.5,27.222221,11.81969,3.277091,3.6067626,1.0
7.5,30.0,11.680876,3.2295525,3.616871,1.0
8.3,5.0,16.46603,8.224045,2.0021813,1.0
8.3,7.7777777,14.40481,5.019437,2.8698056,1.0
8.3,10.555555,13.564968,4.1690903,3.2536995,1.0
8.3,13.333333,13.008132,3.79125,3.431093,1.0
8.3,16.11111,12.586674,3.5761073,3.5196579,1.0
8.3,18.88889,12.262045,3.4374352,3.5672076,1.0
8.3,21.666666,12.010168,3.3412921,3.594468,1.0
8.3,24.444445,11.814933,3.271968,3.6109562,1.0
8.3,27.222221,11.653579,3.2179866,3.621388,1.0
8.3,30.0,11.525418,3.176559,3.6282716,1.0
