1.1,0.0,298.78275,0.03156254,6295.24,0.0
1.1,2.2222223,19.056877,0.04207428,1435.2556,0.0
1.1,4.4444447,7.0702515,0.03133097,522.5159,0.0
1.1,6.6666665,7683.2495,0.1279566,1255.7054,0.0
1.1,8.888889,-2.974132e-05,0.30051926,1.1224425,1.0
1.1,11.111111,-4.466856e-05,0.4718717,0.90641737,1.0
1.1,13.333333,2.938183e-05,0.5046785,0.5321321,1.0
1.1,15.555555,-4.1062012e-05,0.7972889,0.50351554,1.0
1.1,17.777779,-3.0570664e-06,1.1685361,0.48065355,1.0
1.1,20.0,-5.1267445e-05,1.4529382,0.4270753,1.0
1.5333333,0.0,3415.2354,0.07059463,3933.5647,0.0
1.5333333,2.2222223,5.131716,0.031925157,341.65018,0.0
1.5333333,4.4444447,6.4896885e-05,0.078126535,11.763497,1.0
1.5333333,6.6666665,-1.3117678e-06,0.4773336,1.1647747,1.0
1.5333333,8.888889,-3.8755592e-05,0.4943286,0.5896883,1.0
1.5333333,11.111111,-1.5709084e-05,1.0532844,0.5808579,1.0
1.5333333,13.333333,-1.9510742e-05,1.3462691,0.49363777,1.0
1.5333333,15.555555,2.478715e-06,1.4822724,0.4706409,1.0
1.5333333,17.777779,-8.352101e-06,1.5416703,0.49544716,1.0
1.5333333,20.0,-2.77441e-06,1.533939,0.53549796,1.0
1.9666667,0.0,17.560926,0.046006065,316.4727,0.0
1.9666667,2.2222223,0.00012810994,0.13730389,3.882573,1.0
1.9666667,4.4444447,0.000113022514,0.070966594,13.1218405,1.0
1.9666667,6.6666665,1.2509525e-05,0.51982427,0.84914917,1.0
1.9666667,8.888889,-1.741806e-05,1.1041694,0.6580338,1.0
1.9666667,11.111111,-2.2991095e-05,1.3557473,0.5940517,1.0
1.9666667,13.333333,-1.4501624e-05,1.4014804,0.6103805,1.0
1.9666667,15.555555,-2.3853965e-05,1.3602011,0.6492815,1.0
1.9666667,17.777779,-2.968032e-05,1.2979324,0.68996793,1.0
1.9666667,20.0,-2.6785303e-05,1.2388656,0.7272684,1.0
2.4,0.0,0.00010144664,0.037402403,3.7947235,1.0
2.4,2.2222223,-2.505444e-05,0.0802599,2.7863443,1.0
2.4,4.4444447,-2.896972e-05,0.15063386,5.9519253,1.0
2.4,6.6666665,-8.909777e-05,0.9226883,0.759696,1.0
2.4,8.888889,-2.8855167e-05,1.2888403,0.6601972,1.0
2.4,11.111111,-2.9072631e-05,1.3061949,0.67987514,1.0
2.4,13.333333,-2.6206952e-05,1.2439675,0.724303,1.0
2.4,15.555555,-2.4631154e-05,1.1790109,0.7676171,1.0
2.4,17.777779,-3.0200463e-05,1.1253211,0.804839,1.0
2.4,20.0,-3.5002828e-05,1.0826023,0.8358213,1.0
2.8333333,0.0,7.5396616e-05,0.22132877,2.1682687,1.0
2.8333333,2.2222223,6.476883e-06,0.19830182,4.7051516,1.0
2.8333333,4.4444447,-4.8684888e-06,0.22630976,4.0367527,1.0
2.8333333,6.6666665,-2.2954307e-05,1.2022872,0.70608574,1.0
2.8333333,8.888889,-2.6818365e-05,1.2749853,0.7029985,1.0
2.8333333,11.111111,-2.4436973e-05,1.2000643,0.7554281,1.0
2.8333333,13.333333,-3.0872878e-05,1.1275707,0.8050703,1.0
2.8333333,15.555555,-3.5087112e-05,1.0721678,0.8451025,1.0
2.8333333,17.777779,-2.8639566e-05,1.030555,0.8765908,1.0
2.8333333,20.0,-1.7321203e-05,0.9987764,0.9015379,1.0
3.2666667,0.0,3.138883e-05,0.036842484,7.774862,1.0
3.2666667,2.2222223,-9.931624e-06,0.60418665,0.9814158,1.0
3.2666667,4.4444447,4.2018015e-05,0.69339955,0.9301025,1.0
3.2666667,6.6666665,-2.6708934e-05,1.2933306,0.6916544,1.0
3.2666667,8.888889,-2.4673063e-05,1.2100433,0.75186086,1.0
3.2666667,11.111111,-3.239652e-05,1.1169884,0.81457883,1.0
3.2666667,13.333333,-3.1745993e-05,1.0515782,0.86197764,1.0
3.2666667,15.555555,-1.846347e-05,1.0058458,0.89698565,1.0
3.2666667,17.777779,-6.07362e-06,0.9728031,0.92336,1.0
3.2666667,20.0,-8.568168e-08,0.94809157,0.9437773,1.0
3.7,0.0,1.4817808e-05,0.10888998,8.738874,1.0
3.7,2.2222223,-7.9889316e-05,0.1840417,3.820956,1.0
3.7,4.4444447,-4.0361192e-05,1.2113891,0.7064797,1.0
3.7,6.6666665,-2.7497765e-05,1.2880979,0.707359,1.0
3.7,8.888889,-2.8812326e-05,1.1463428,0.7964071,1.0
3.7,11.111111,-3.0355994e-05,1.0564926,0.85965157,1.0
3.7,13.333333,-1.4252961e-05,0.9997525,0.90268457,1.0
3.7,15.555555,-2.0656735e-06,0.96170324,0.9330924,1.0
3.7,17.777779,5.932525e-07,0.93480116,0.95549834,1.0
3.7,20.0,-2.6598573e-06,0.9149357,0.97262377,1.0
4.133333,0.0,-1.8756837e-06,0.2852918,2.7250063,1.0
4.133333,2.2222223,4.4209417e-05,0.21618082,2.8612406,1.0
4.133333,4.4444447,-2.063904e-05,1.519093,0.5901817,1.0
4.133333,6.6666665,-2.5996938e-05,1.2464993,0.7351369,1.0
4.133333,8.888889,-3.0495226e-05,1.093297,0.83426666,1.0
4.133333,11.111111,-1.6321894e-05,1.0117718,0.894117,1.0
4.133333,13.333333,-1.5720725e-06,0.96282226,0.93268496,1.0
4.133333,15.555555,1.0523945e-07,0.930755,0.95929796,1.0
4.133333,17.777779,-5.3141266e-06,0.90837055,0.9786568,1.0
4.133333,20.0,-1.2456905e-05,0.89197075,0.99332756,1.0
4.5666666,0.0,-1.13002025e-05,0.76829225,1.283875,1.0
4.5666666,2.2222223,-5.9268903e-05,0.2130775,1.4155018,1.0
4.5666666,4.4444447,6.100163e-07,1.6225048,0.56139445,1.0
4.5666666,6.6666665,-2.4592504e-05,1.1970836,0.7662597,1.0
4.5666666,8.888889,-2.3835804e-05,1.0504441,0.8657012,1.0
4.5666666,11.111111,-4.110392e-06,0.97792417,0.92093015,1.0
4.5666666,13.333333,4.293397e-07,0.9355446,0.95550334,1.0
4.5666666,15.555555,-5.9497543e-06,0.9081529,0.9790321,1.0
4.5666666,17.777779,-1.4469493e-05,0.88917863,0.9959993,1.0
4.5666666,20.0,-2.1778047e-05,0.87534636,1.0087736,1.0
5.0,0.0,-2.0277686e-05,0.19994819,3.0857215,1.0
5.0,2.2222223,2.9862858e-05,0.44981295,1.3069602,1.0
5.0,4.4444447,3.321562e-06,1.6032096,0.5700008,1.0
5.0,6.6666665,-2.410356e-05,1.1499759,0.79677135,1.0
5.0,8.888889,-1.3144221e-05,1.0158356,0.89174163,1.0
5.0,11.111111,7.8370795e-07,0.9517096,0.9422386,1.0
5.0,13.333333,-4.139729e-06,0.91477895,0.9733566,1.0
5.0,15.555555,-1.4079735e-05,0.8910907,0.9943464,1.0
5.0,17.777779,-2.2592954e-05,0.87475514,1.0093871,1.0
5.0,20.0,-2.8623734e-05,0.8628818,1.0206541,1.0
