1.1,0.0,14.003337,0.04560257,707.1602,0.0
1.1,2.2222223,12.485237,0.037939765,593.65967,0.0
1.1,4.4444447,0.13275391,0.101605766,1.5550311,1.0
1.1,6.6666665,10.152079,0.04639874,305.60632,0.0
1.1,8.888889,0.000777483,0.61017776,1.2901361,1.0
1.1,11.111111,0.00047141314,0.8056148,0.8579906,1.0
1.1,13.333333,6.2048435e-05,1.1863798,0.7978772,1.0
1.1,15.555555,0.00010716915,1.2491014,0.6296957,1.0
1.1,17.777779,0.00010210276,1.2851975,0.51626146,1.0
1.1,20.0,9.959936e-05,1.3321152,0.4444234,1.0
1.6444445,0.0,10.080193,0.033551462,260.2627,0.0
1.6444445,2.2222223,0.09318012,0.19257823,3.2155795,1.0
1.6444445,4.4444447,0.16987425,0.07364297,5.061241,1.0
1.6444445,6.6666665,0.00046807528,0.4097463,1.8367382,1.0
1.6444445,8.888889,0.00016701221,0.9676627,0.8525561,1.0
1.6444445,11.111111,0.00012814999,1.3276631,0.67334217,1.0
1.6444445,13.333333,0.00011974573,1.3741837,0.571254,1.0
1.6444445,15.555555,0.000119268894,1.3607769,0.552092,1.0
1.6444445,17.777779,0.00012141466,1.327478,0.5678966,1.0
1.6444445,20.0,0.00012475252,1.2862275,0.5972052,1.0
2.1888888,0.0,0.18439901,0.09998576,1.9710926,1.0
2.1888888,2.2222223,0.0002643466,0.42125446,1.6330736,1.0
2.1888888,4.4444447,0.0076587796,0.13009104,4.129939,1.0
2.1888888,6.6666665,0.00022637844,0.6975329,1.0476407,1.0
2.1888888,8.888889,0.00014168024,1.1944768,0.72738564,1.0
2.1888888,11.111111,0.00013333559,1.2317797,0.66550213,1.0
2.1888888,13.333333,0.00013464689,1.1963792,0.6813623,1.0
2.1888888,15.555555,0.00013822317,1.1495541,0.7174031,1.0
2.1888888,17.777779,0.00014221668,1.1062326,0.7556566,1.0
2.1888888,20.0,0.00014603138,1.0696154,0.7912464,1.0
2.7333333,0.0,0.15311742,0.053174816,22.295296,1.0
2.7333333,2.2222223,0.008236706,0.114849344,8.050479,1.0
2.7333333,4.4444447,0.0058603883,0.10159954,9.232461,1.0
2.7333333,6.6666665,0.000159204,1.0683068,0.8219482,1.0
2.7333333,8.888889,0.00014013052,1.1753783,0.7180131,1.0
2.7333333,11.111111,0.00014215708,1.1274325,0.74728173,1.0
2.7333333,13.333333,0.00014668703,1.074617,0.7938965,1.0
2.7333333,15.555555,0.00015127659,1.0324157,0.83743495,1.0
2.7333333,17.777779,0.0001552105,1.0005494,0.8746615,1.0
2.7333333,20.0,0.00015872717,0.97637385,0.90604216,1.0
3.2777777,0.0,0.079764366,0.027426763,7.0373983,1.0
3.2777777,2.2222223,9.23872e-05,1.3211681,0.3790642,1.0
3.2777777,4.4444447,0.00036090612,0.46335024,1.7191044,1.0
3.2777777,6.6666665,0.00014340878,1.1828451,0.73460084,1.0
3.2777777,8.888889,0.00014400482,1.1223207,0.76288474,1.0
3.2777777,11.111111,0.00014990568,1.0533231,0.8239557,1.0
3.2777777,13.333333,0.00015538931,1.0051234,0.87639505,1.0
3.2777777,15.555555,0.00015991926,0.97212774,0.91818357,1.0
3.2777777,17.777779,0.00016367435,0.9488127,0.95133585,1.0
3.2777777,20.0,0.00016659498,0.9316348,0.97796595,1.0
3.8222222,0.0,0.00019061565,0.6496053,0.45269564,1.0
3.8222222,2.2222223,0.0015930533,0.27161312,4.2174664,1.0
3.8222222,4.4444447,0.00016266108,1.0944707,0.83224,1.0
3.8222222,6.6666665,0.00014048815,1.1862105,0.72654194,1.0
3.8222222,8.888889,0.0001487732,1.0715532,0.81500155,1.0
3.8222222,11.111111,0.00015616417,1.0041748,0.885097,1.0
3.8222222,13.333333,0.000161767,0.96371174,0.93620783,1.0
3.8222222,15.555555,0.00016593933,0.9374961,0.9740746,1.0
3.8222222,17.777779,0.00016927719,0.9193193,1.0028176,1.0
3.8222222,20.0,0.00017184019,0.90600675,1.0251838,1.0
4.366667,0.0,0.004498422,0.23566736,4.5420194,1.0
4.366667,2.2222223,0.0012124777,0.26179606,3.3786263,1.0
4.366667,4.4444447,0.00012713671,1.4836879,0.580764,1.0
4.366667,6.6666665,0.00014191866,1.1549464,0.75164044,1.0
4.366667,8.888889,0.00015348196,1.0305829,0.8626259,1.0
4.366667,11.111111,0.00016123056,0.9707566,0.93290156,1.0
4.366667,13.333333,0.00016653538,0.9368248,0.9802885,1.0
4.366667,15.555555,0.00017040968,0.91521317,1.013869,1.0
4.366667,17.777779,0.0001733303,0.9002908,1.0386248,1.0
4.366667,20.0,0.00017547607,0.88937896,1.057481,1.0
4.911111,0.0,0.00015038252,0.42090222,1.2536719,1.0
4.911111,2.2222223,0.0005709529,0.57966506,1.3845619,1.0
4.911111,4.4444447,0.00012046099,1.5286272,0.5329051,1.0
4.911111,6.6666665,0.00014489889,1.1152787,0.78754646,1.0
4.911111,8.888889,0.00015759468,0.99874747,0.9036739,1.0
4.911111,11.111111,0.00016516447,0.9468935,0.9704466,1.0
4.911111,13.333333,0.00017011166,0.9179916,1.013422,1.0
4.911111,15.555555,0.00017362833,0.8996354,1.0430027,1.0
4.911111,17.777779,0.00017619133,0.8869701,1.0643809,1.0
4.911111,20.0,0.00017809868,0.87771267,1.0804436,1.0
5.4555554,0.0,0.0025901198,0.44315246,1.2265601,1.0
5.4555554,2.2222223,0.0004168749,0.4924888,1.6828473,1.0
5.4555554,4.4444447,0.00012034178,1.4846443,0.5477774,1.0
5.4555554,6.6666665,0.00014841557,1.0770838,0.8253623,1.0
5.4555554,8.888889,0.00016123056,0.97392136,0.93845254,1.0
5.4555554,11.111111,0.00016838312,0.92904156,1.0002477,1.0
5.4555554,13.333333,0.00017303228,0.9040259,1.0388517,1.0
5.4555554,15.555555,0.00017613173,0.88810956,1.0649102,1.0
5.4555554,17.777779,0.0001783967,0.87712365,1.0834988,1.0
5.4555554,20.0,0.00018006563,0.8691016,1.097335,1.0
6.0,0.0,0.0017063618,0.18003204,4.5400567,1.0
6.0,2.2222223,0.00022876263,0.5724788,1.007546,1.0
6.0,4.4444447,0.0001232028,1.4087503,0.5873212,1.0
6.0,6.6666665,0.00015205145,1.0435041,0.8615974,1.0
6.0,8.888889,0.00016438961,0.9542098,0.9678415,1.0
6.0,11.111111,0.00017106533,0.9151639,1.0242127,1.0
6.0,13.333333,0.00017529726,0.89323777,1.0587626,1.0
6.0,15.555555,0.00017809868,0.8792374,1.0817943,1.0
6.0,17.777779,0.00018006563,0.8695654,1.0980855,1.0
6.0,20.0,0.00018161535,0.86250967,1.1101356,1.0
